----------------------------------------------------
Stats for non-centered, non-scaled, original a1b1 data (just cp0); hamlet does fine on inference with this data.
Note that the variance is relatively low!


Statistics for obs.txt from '../data/cocktail/a1b1_orig/cp0/'
+-----------+--------+-------+--------+--------+--------+--------+-------+-------+--------+--------+--------+-------+--------+
|           |  Total |   0   |    1   |    2   |    3   |    4   |   5   |   6   |    7   |    8   |    9   |   10  |    11  |
+-----------+--------+-------+--------+--------+--------+--------+-------+-------+--------+--------+--------+-------+--------+
| precision |  0.752 | 2.593 |  0.164 |  0.224 |  2.388 |  2.056 | 2.469 | 2.045 |  2.918 |  1.798 |  1.923 | 4.963 |  3.985 |
|       var |  1.331 | 0.386 |  6.115 |  4.464 |  0.419 |  0.486 | 0.405 | 0.489 |  0.343 |  0.556 |  0.520 | 0.201 |  0.251 |
|       std |  1.153 | 0.621 |  2.473 |  2.113 |  0.647 |  0.697 | 0.636 | 0.699 |  0.585 |  0.746 |  0.721 | 0.449 |  0.501 |
|      mean |  1.476 | 2.026 |  1.371 |  1.229 |  1.169 |  1.564 | 1.882 | 1.865 |  0.992 |  1.789 |  1.362 | 1.429 |  1.040 |
|    median |  1.482 | 2.086 |  1.355 |  1.159 |  1.184 |  1.586 | 1.888 | 1.922 |  0.980 |  1.825 |  1.294 | 1.333 |  1.028 |
|       min | -7.691 | 0.065 | -7.691 | -4.694 | -0.579 | -0.654 | 0.306 | 0.062 | -0.766 | -0.022 | -0.594 | 0.662 | -0.009 |
|       max |  7.570 | 3.623 |  7.570 |  6.893 |  2.971 |  3.147 | 3.540 | 3.665 |  2.585 |  3.352 |  3.220 | 2.161 |  2.189 |
+-----------+--------+-------+--------+--------+--------+--------+-------+-------+--------+--------+--------+-------+--------+



----------------------------------------------------
Stats for centered mean=0, scaled var=1.0 generated data using a1b1 precision prior
Precision is now correctly used in generating Normal noise as: N(0, 1/(sqrt(h)))
Note that in general, variance in the obs.txt is generally higher than a1b1_orig.
cp2 is the closest to the stats of a1b1_orig, with an overall variance of 2.266, but even that is not learned well.


Statistics for obs.txt from '../data/cocktail/a1b1_new/cp0/'
+-----------+---------+--------+--------+--------+--------+--------+--------+--------+---------+--------+---------+---------+---------+
|           |   Total |    0   |    1   |    2   |    3   |    4   |    5   |    6   |     7   |    8   |     9   |     10  |     11  |
+-----------+---------+--------+--------+--------+--------+--------+--------+--------+---------+--------+---------+---------+---------+
| precision |   0.088 |  1.007 |  0.248 |  0.840 |  0.992 |  0.225 |  0.874 |  0.640 |   0.068 |  0.379 |   0.014 |   0.062 |   0.074 |
|       var |  11.422 |  0.993 |  4.037 |  1.191 |  1.008 |  4.447 |  1.145 |  1.563 |  14.642 |  2.641 |  71.411 |  16.077 |  13.588 |
|       std |   3.380 |  0.997 |  2.009 |  1.091 |  1.004 |  2.109 |  1.070 |  1.250 |   3.827 |  1.625 |   8.450 |   4.010 |   3.686 |
|      mean |   0.088 |  0.164 | -0.497 |  0.064 | -0.777 | -0.822 |  0.901 | -0.139 |   0.881 |  0.534 |   0.817 |   0.347 |  -0.414 |
|    median |   0.015 |  0.155 | -0.414 |  0.076 | -0.818 | -0.780 |  0.955 | -0.212 |   0.964 |  0.560 |   0.919 |   0.398 |  -0.463 |
|       min | -21.018 | -2.421 | -5.626 | -3.602 | -3.330 | -8.335 | -2.364 | -4.215 | -12.446 | -3.332 | -21.018 | -12.245 | -12.713 |
|       max |  26.689 |  2.882 |  4.779 |  2.896 |  2.305 |  4.876 |  3.829 |  3.577 |  10.879 |  5.120 |  26.689 |  13.821 |  11.140 |
+-----------+---------+--------+--------+--------+--------+--------+--------+--------+---------+--------+---------+---------+---------+

Statistics for obs.txt from '../data/cocktail/a1b1_new/cp1/'
+-----------+---------+--------+--------+---------+--------+--------+---------+--------+--------+---------+--------+--------+---------+
|           |   Total |    0   |    1   |     2   |    3   |    4   |     5   |    6   |    7   |     8   |    9   |    10  |     11  |
+-----------+---------+--------+--------+---------+--------+--------+---------+--------+--------+---------+--------+--------+---------+
| precision |   0.056 |  0.151 |  0.450 |   0.011 |  0.533 |  0.600 |   0.020 |  0.210 |  0.926 |   0.086 |  0.721 |  1.073 |   0.030 |
|       var |  17.720 |  6.612 |  2.224 |  90.611 |  1.876 |  1.666 |  50.651 |  4.768 |  1.080 |  11.625 |  1.386 |  0.932 |  33.578 |
|       std |   4.210 |  2.571 |  1.491 |   9.519 |  1.370 |  1.291 |   7.117 |  2.183 |  1.039 |   3.410 |  1.177 |  0.965 |   5.795 |
|      mean |  -0.026 |  0.817 |  0.773 |  -0.651 |  0.342 | -0.750 |  -0.891 | -0.879 | -0.282 |   0.360 |  0.965 | -0.584 |   0.471 |
|    median |  -0.003 |  1.012 |  0.766 |  -1.097 |  0.396 | -0.785 |  -1.038 | -0.818 | -0.287 |   0.266 |  0.981 | -0.622 |   1.000 |
|       min | -24.175 | -6.445 | -3.245 | -24.175 | -3.906 | -4.122 | -20.904 | -7.175 | -3.262 | -11.331 | -2.059 | -3.189 | -15.939 |
|       max |  25.700 |  8.583 |  5.784 |  25.700 |  4.763 |  3.011 |  22.118 |  4.933 |  2.306 |  11.986 |  4.398 |  2.213 |  21.776 |
+-----------+---------+--------+--------+---------+--------+--------+---------+--------+--------+---------+--------+--------+---------+

Statistics for obs.txt from '../data/cocktail/a1b1_new/cp2/'
+-----------+--------+--------+--------+--------+--------+--------+--------+--------+--------+--------+--------+--------+--------+
|           |  Total |    0   |    1   |    2   |    3   |    4   |    5   |    6   |    7   |    8   |    9   |    10  |    11  |
+-----------+--------+--------+--------+--------+--------+--------+--------+--------+--------+--------+--------+--------+--------+
| precision |  0.441 |  0.440 |  0.632 |  0.761 |  1.214 |  0.256 |  0.371 |  0.819 |  0.756 |  0.491 |  1.055 |  0.362 |  0.665 |
|       var |  2.266 |  2.274 |  1.582 |  1.314 |  0.824 |  3.902 |  2.697 |  1.221 |  1.322 |  2.036 |  0.948 |  2.764 |  1.505 |
|       std |  1.505 |  1.508 |  1.258 |  1.146 |  0.908 |  1.975 |  1.642 |  1.105 |  1.150 |  1.427 |  0.974 |  1.663 |  1.227 |
|      mean | -0.024 | -0.137 |  0.185 |  0.402 | -0.959 |  0.471 | -0.853 |  0.339 |  1.124 | -0.484 | -0.004 |  0.537 | -0.909 |
|    median | -0.042 | -0.084 |  0.140 |  0.414 | -0.902 |  0.554 | -0.798 |  0.345 |  1.117 | -0.507 | -0.038 |  0.579 | -0.900 |
|       min | -6.325 | -4.441 | -3.279 | -2.323 | -3.579 | -6.325 | -5.998 | -3.089 | -2.955 | -4.662 | -2.278 | -4.705 | -4.263 |
|       max |  6.225 |  3.519 |  4.540 |  3.770 |  2.009 |  5.959 |  3.789 |  2.985 |  3.923 |  4.978 |  2.548 |  6.225 |  2.359 |
+-----------+--------+--------+--------+--------+--------+--------+--------+--------+--------+--------+--------+--------+--------+



----------------------------------------------------
Stats for centered mean=0, scaled var=1.0 generated data using different fixed values of h
For fixed values of h at 3.0, 5.0 and 10.0 below, the obs.txt variances begin to approximate that of a1b1_orig/cp0
But


Statistics for obs.txt from '../data/cocktail/h0.5/cp0/'
+-----------+--------+--------+--------+--------+--------+--------+--------+--------+--------+--------+--------+--------+--------+
|           |  Total |    0   |    1   |    2   |    3   |    4   |    5   |    6   |    7   |    8   |    9   |    10  |    11  |
+-----------+--------+--------+--------+--------+--------+--------+--------+--------+--------+--------+--------+--------+--------+
| precision |  0.335 |  0.487 |  0.356 |  0.371 |  0.409 |  0.416 |  0.401 |  0.524 |  0.346 |  0.427 |  0.391 |  0.380 |  0.313 |
|       var |  2.989 |  2.051 |  2.812 |  2.694 |  2.446 |  2.404 |  2.493 |  1.909 |  2.886 |  2.343 |  2.557 |  2.628 |  3.199 |
|       std |  1.729 |  1.432 |  1.677 |  1.641 |  1.564 |  1.551 |  1.579 |  1.382 |  1.699 |  1.531 |  1.599 |  1.621 |  1.789 |
|      mean | -0.009 | -0.527 |  0.272 | -0.224 |  0.125 | -0.110 | -0.406 | -1.421 |  0.740 | -0.261 | -0.122 |  0.398 |  1.430 |
|    median | -0.034 | -0.475 |  0.325 | -0.264 |  0.156 | -0.097 | -0.463 | -1.327 |  0.861 | -0.306 | -0.068 |  0.427 |  1.497 |
|       min | -6.151 | -4.842 | -4.980 | -4.512 | -3.806 | -4.915 | -6.151 | -5.770 | -3.352 | -5.060 | -4.716 | -3.567 | -3.250 |
|       max |  5.741 |  3.143 |  5.675 |  3.857 |  4.761 |  4.293 |  4.570 |  2.811 |  4.936 |  3.857 |  3.951 |  5.267 |  5.741 |
+-----------+--------+--------+--------+--------+--------+--------+--------+--------+--------+--------+--------+--------+--------+

Statistics for obs.txt from '../data/cocktail/h0.75/cp0/'
+-----------+--------+--------+--------+--------+--------+--------+--------+--------+--------+--------+--------+--------+--------+
|           |  Total |    0   |    1   |    2   |    3   |    4   |    5   |    6   |    7   |    8   |    9   |    10  |    11  |
+-----------+--------+--------+--------+--------+--------+--------+--------+--------+--------+--------+--------+--------+--------+
| precision |  0.440 |  0.475 |  0.377 |  0.518 |  0.418 |  0.438 |  0.470 |  0.457 |  0.356 |  0.471 |  0.480 |  0.500 |  0.585 |
|       var |  2.274 |  2.103 |  2.651 |  1.931 |  2.392 |  2.281 |  2.130 |  2.188 |  2.811 |  2.124 |  2.082 |  2.002 |  1.710 |
|       std |  1.508 |  1.450 |  1.628 |  1.390 |  1.547 |  1.510 |  1.459 |  1.479 |  1.677 |  1.458 |  1.443 |  1.415 |  1.308 |
|      mean |  0.011 |  0.158 |  0.377 |  0.050 |  0.060 |  0.203 | -0.241 | -0.200 | -0.027 |  0.439 | -0.557 | -0.236 |  0.109 |
|    median | -0.001 |  0.201 |  0.199 |  0.114 | -0.010 |  0.197 | -0.214 | -0.214 | -0.217 |  0.402 | -0.591 | -0.233 |  0.108 |
|       min | -5.547 | -3.429 | -4.417 | -4.496 | -5.547 | -4.521 | -4.117 | -4.134 | -3.735 | -4.347 | -3.931 | -4.504 | -4.489 |
|       max |  5.684 |  4.130 |  4.722 |  3.838 |  4.912 |  4.556 |  3.285 |  4.269 |  5.157 |  4.461 |  3.242 |  4.246 |  5.684 |
+-----------+--------+--------+--------+--------+--------+--------+--------+--------+--------+--------+--------+--------+--------+

Statistics for obs.txt from '../data/cocktail/h1.0/cp0/'
+-----------+--------+--------+--------+--------+--------+--------+--------+--------+--------+--------+--------+--------+--------+
|           |  Total |    0   |    1   |    2   |    3   |    4   |    5   |    6   |    7   |    8   |    9   |    10  |    11  |
+-----------+--------+--------+--------+--------+--------+--------+--------+--------+--------+--------+--------+--------+--------+
| precision |  0.493 |  0.596 |  0.577 |  0.502 |  0.767 |  0.572 |  0.692 |  0.438 |  0.556 |  0.630 |  0.568 |  0.691 |  0.559 |
|       var |  2.030 |  1.678 |  1.734 |  1.991 |  1.304 |  1.748 |  1.444 |  2.284 |  1.798 |  1.587 |  1.762 |  1.448 |  1.788 |
|       std |  1.425 |  1.295 |  1.317 |  1.411 |  1.142 |  1.322 |  1.202 |  1.511 |  1.341 |  1.260 |  1.327 |  1.203 |  1.337 |
|      mean | -0.004 | -1.188 |  0.898 |  0.220 | -0.593 |  0.172 | -0.028 | -0.275 | -0.069 |  0.357 | -0.419 |  0.873 |  0.005 |
|    median |  0.008 | -1.116 |  0.961 |  0.279 | -0.637 |  0.105 |  0.010 | -0.358 | -0.021 |  0.334 | -0.337 |  0.887 | -0.028 |
|       min | -5.129 | -5.129 | -2.845 | -3.273 | -3.664 | -4.327 | -4.669 | -4.320 | -4.548 | -3.049 | -4.201 | -2.710 | -4.055 |
|       max |  4.724 |  2.589 |  4.258 |  4.262 |  2.970 |  3.747 |  3.123 |  4.724 |  3.451 |  3.539 |  3.316 |  4.382 |  3.463 |
+-----------+--------+--------+--------+--------+--------+--------+--------+--------+--------+--------+--------+--------+--------+

Statistics for obs.txt from '../data/cocktail/h1.5/cp0/'
+-----------+--------+--------+--------+--------+--------+--------+--------+--------+--------+--------+--------+--------+--------+
|           |  Total |    0   |    1   |    2   |    3   |    4   |    5   |    6   |    7   |    8   |    9   |    10  |    11  |
+-----------+--------+--------+--------+--------+--------+--------+--------+--------+--------+--------+--------+--------+--------+
| precision |  0.607 |  0.696 |  0.538 |  0.647 |  1.034 |  0.656 |  0.581 |  0.557 |  0.739 |  0.760 |  0.728 |  0.840 |  0.775 |
|       var |  1.647 |  1.437 |  1.859 |  1.547 |  0.967 |  1.525 |  1.723 |  1.796 |  1.353 |  1.316 |  1.373 |  1.190 |  1.291 |
|       std |  1.283 |  1.199 |  1.363 |  1.244 |  0.983 |  1.235 |  1.312 |  1.340 |  1.163 |  1.147 |  1.172 |  1.091 |  1.136 |
|      mean | -0.001 |  0.554 |  0.213 | -0.020 | -0.679 | -0.221 |  0.752 |  0.434 | -0.579 |  0.184 | -0.625 | -0.084 |  0.057 |
|    median | -0.041 |  0.624 |  0.246 |  0.016 | -0.685 | -0.113 |  0.770 |  0.357 | -0.621 |  0.214 | -0.746 | -0.162 | -0.015 |
|       min | -4.310 | -2.372 | -3.748 | -4.046 | -3.550 | -4.310 | -2.425 | -2.848 | -4.194 | -3.136 | -3.669 | -3.543 | -2.906 |
|       max |  4.457 |  3.609 |  3.650 |  3.115 |  1.515 |  2.904 |  4.457 |  3.925 |  2.875 |  2.907 |  3.149 |  2.824 |  2.936 |
+-----------+--------+--------+--------+--------+--------+--------+--------+--------+--------+--------+--------+--------+--------+

Statistics for obs.txt from '../data/cocktail/h2.0/cp0/'
+-----------+--------+--------+--------+--------+--------+--------+--------+--------+--------+--------+--------+--------+--------+
|           |  Total |    0   |    1   |    2   |    3   |    4   |    5   |    6   |    7   |    8   |    9   |    10  |    11  |
+-----------+--------+--------+--------+--------+--------+--------+--------+--------+--------+--------+--------+--------+--------+
| precision |  0.673 |  1.155 |  0.596 |  0.758 |  0.643 |  0.696 |  0.989 |  0.740 |  0.778 |  0.646 |  1.273 |  0.756 |  1.007 |
|       var |  1.487 |  0.865 |  1.678 |  1.319 |  1.556 |  1.436 |  1.011 |  1.351 |  1.285 |  1.548 |  0.786 |  1.323 |  0.993 |
|       std |  1.219 |  0.930 |  1.295 |  1.148 |  1.247 |  1.198 |  1.006 |  1.162 |  1.134 |  1.244 |  0.886 |  1.150 |  0.997 |
|      mean |  0.002 |  0.409 |  0.831 | -0.155 |  0.435 |  0.215 |  0.185 | -0.518 | -0.287 |  0.450 | -0.876 | -0.300 | -0.363 |
|    median | -0.012 |  0.354 |  0.804 | -0.055 |  0.535 |  0.200 |  0.175 | -0.518 | -0.280 |  0.519 | -0.815 | -0.327 | -0.447 |
|       min | -3.966 | -2.855 | -2.985 | -3.568 | -3.086 | -3.058 | -2.697 | -3.066 | -3.776 | -3.036 | -3.669 | -3.966 | -3.400 |
|       max |  4.097 |  2.949 |  4.097 |  2.454 |  3.602 |  3.716 |  2.909 |  2.687 |  2.480 |  3.522 |  1.259 |  2.777 |  2.572 |
+-----------+--------+--------+--------+--------+--------+--------+--------+--------+--------+--------+--------+--------+--------+

Statistics for obs.txt from '../data/cocktail/h3.0/cp0/'
+-----------+--------+--------+--------+--------+--------+--------+--------+--------+--------+--------+--------+--------+--------+
|           |  Total |    0   |    1   |    2   |    3   |    4   |    5   |    6   |    7   |    8   |    9   |    10  |    11  |
+-----------+--------+--------+--------+--------+--------+--------+--------+--------+--------+--------+--------+--------+--------+
| precision |  0.751 |  0.878 |  0.822 |  1.008 |  1.322 |  2.667 |  1.376 |  1.470 |  1.091 |  1.671 |  0.908 |  1.268 |  1.535 |
|       var |  1.332 |  1.139 |  1.216 |  0.992 |  0.756 |  0.375 |  0.727 |  0.680 |  0.916 |  0.598 |  1.101 |  0.789 |  0.652 |
|       std |  1.154 |  1.067 |  1.103 |  0.996 |  0.870 |  0.612 |  0.853 |  0.825 |  0.957 |  0.774 |  1.049 |  0.888 |  0.807 |
|      mean | -0.005 |  1.101 |  0.815 | -0.218 | -0.347 | -1.743 |  0.246 |  0.076 |  0.574 | -0.042 |  0.291 | -0.145 | -0.674 |
|    median |  0.025 |  1.126 |  0.830 | -0.196 | -0.369 | -1.756 |  0.294 |  0.096 |  0.638 | -0.024 |  0.369 | -0.082 | -0.614 |
|       min | -3.568 | -1.792 | -2.765 | -2.484 | -2.601 | -3.568 | -1.997 | -2.126 | -2.182 | -2.382 | -3.224 | -2.585 | -3.157 |
|       max |  3.994 |  3.994 |  3.605 |  2.169 |  1.889 | -0.056 |  2.583 |  2.161 |  2.838 |  1.777 |  3.338 |  1.981 |  1.696 |
+-----------+--------+--------+--------+--------+--------+--------+--------+--------+--------+--------+--------+--------+--------+

Statistics for obs.txt from '../data/cocktail/h5.0/cp0/'
+-----------+--------+--------+--------+--------+--------+--------+--------+--------+--------+--------+--------+--------+--------+
|           |  Total |    0   |    1   |    2   |    3   |    4   |    5   |    6   |    7   |    8   |    9   |    10  |    11  |
+-----------+--------+--------+--------+--------+--------+--------+--------+--------+--------+--------+--------+--------+--------+
| precision |  0.822 |  1.261 |  1.827 |  1.311 |  1.460 |  1.673 |  1.985 |  0.964 |  0.719 |  1.028 |  1.450 |  0.777 |  0.916 |
|       var |  1.216 |  0.793 |  0.547 |  0.763 |  0.685 |  0.598 |  0.504 |  1.037 |  1.390 |  0.973 |  0.690 |  1.286 |  1.092 |
|       std |  1.103 |  0.891 |  0.740 |  0.873 |  0.828 |  0.773 |  0.710 |  1.018 |  1.179 |  0.986 |  0.830 |  1.134 |  1.045 |
|      mean | -0.006 |  0.122 | -0.894 | -0.056 | -0.515 | -0.837 | -0.303 | -0.030 |  1.169 |  0.814 |  0.558 | -0.129 |  0.027 |
|    median | -0.060 |  0.078 | -0.898 | -0.085 | -0.469 | -0.833 | -0.323 | -0.018 |  1.223 |  0.809 |  0.637 | -0.101 |  0.045 |
|       min | -2.815 | -2.338 | -2.803 | -2.047 | -2.815 | -2.656 | -2.018 | -2.658 | -1.880 | -1.821 | -2.594 | -2.778 | -2.437 |
|       max |  4.437 |  2.619 |  1.162 |  2.452 |  1.458 |  0.967 |  1.645 |  3.165 |  4.437 |  3.357 |  2.598 |  2.414 |  2.834 |
+-----------+--------+--------+--------+--------+--------+--------+--------+--------+--------+--------+--------+--------+--------+

Statistics for obs.txt from '../data/cocktail/h10.0/cp0/'
+-----------+--------+--------+--------+--------+--------+--------+--------+--------+--------+--------+--------+--------+--------+
|           |  Total |    0   |    1   |    2   |    3   |    4   |    5   |    6   |    7   |    8   |    9   |    10  |    11  |
+-----------+--------+--------+--------+--------+--------+--------+--------+--------+--------+--------+--------+--------+--------+
| precision |  0.903 |  1.032 |  0.976 |  1.796 |  1.771 |  4.213 |  1.826 |  0.932 |  1.399 |  1.266 |  1.935 |  0.764 |  0.788 |
|       var |  1.107 |  0.969 |  1.024 |  0.557 |  0.565 |  0.237 |  0.548 |  1.073 |  0.715 |  0.790 |  0.517 |  1.309 |  1.268 |
|       std |  1.052 |  0.984 |  1.012 |  0.746 |  0.751 |  0.487 |  0.740 |  1.036 |  0.845 |  0.889 |  0.719 |  1.144 |  1.126 |
|      mean |  0.003 |  0.758 |  0.436 | -0.098 | -1.082 | -0.562 | -0.724 | -0.389 |  0.320 |  0.423 |  0.108 |  0.161 |  0.680 |
|    median | -0.060 |  0.725 |  0.443 |  0.019 | -1.027 | -0.581 | -0.739 | -0.452 |  0.311 |  0.433 |  0.072 |  0.234 |  0.740 |
|       min | -3.255 | -1.718 | -1.901 | -1.777 | -3.255 | -1.907 | -2.489 | -2.767 | -1.752 | -1.864 | -1.924 | -2.482 | -1.923 |
|       max |  3.308 |  3.308 |  2.894 |  1.665 |  0.860 |  1.062 |  1.349 |  2.047 |  2.145 |  2.703 |  2.207 |  2.748 |  3.190 |
+-----------+--------+--------+--------+--------+--------+--------+--------+--------+--------+--------+--------+--------+--------+

